0 0 0
0.204932 0.0166667 -2.7485e-62
0.409863 0.0333333 -4.61344e-32
0.614795 0.05 -1.27136e-18
0.819726 0.0666667 -7.45875e-12
1.02466 0.0833333 -6.47266e-09
1.22959 0.1 -1.8008e-08
1.43452 0.116667 -9.05831e-10
1.63945 0.133333 -2.43088e-12
1.84438 0.15 -5.18727e-15
2.04932 0.166667 -2.0187e-15
2.25425 0.183333 -8.7961e-16
2.45918 0.2 -3.7498e-16
2.66411 0.216667 -1.57706e-16
2.86904 0.233333 -6.55964e-17
3.07397 0.25 -2.70679e-17
3.2789 0.266667 -1.11407e-17
3.48384 0.283333 -4.56997e-18
3.68877 0.3 -1.87599e-18
3.8937 0.316667 -7.71932e-19
4.09863 0.333333 -3.18193e-19
4.30356 0.35 -1.32183e-19
4.50849 0.366667 -5.51202e-20
4.71342 0.383333 -2.31382e-20
4.91836 0.4 -9.8219e-21
5.12329 0.416667 -4.18472e-21
5.32822 0.433333 -1.80344e-21
5.53315 0.45 -7.86814e-22
5.73808 0.466667 -3.44261e-22
5.94301 0.483333 -1.52923e-22
6.14795 0.5 -6.88622e-23
6.35288 0.516667 -3.10246e-23
6.55781 0.533333 -1.42129e-23
6.76274 0.55 -6.62465e-24
6.96767 0.566667 -3.07711e-24
7.1726 0.583333 -1.44947e-24
7.37753 0.6 -6.99547e-25
7.58247 0.616667 -3.36666e-25
7.7874 0.633333 -1.62119e-25
7.99233 0.65 -8.05395e-26
8.19726 0.666667 -4.05087e-26
8.40219 0.683333 -2.00604e-26
8.60712 0.7 -1.0052e-26
8.81205 0.716667 -5.23932e-27
9.01699 0.733333 -2.73932e-27
9.22192 0.75 -1.39604e-27
9.42685 0.766667 -7.21652e-28
9.63178 0.783333 -3.91657e-28
9.83671 0.8 -2.14384e-28
10.0416 0.816667 -1.13387e-28
10.2466 0.833333 -5.93964e-29
10.4515 0.85 -3.27548e-29
10.6564 0.866667 -1.88806e-29
10.8614 0.883333 -1.06592e-29
11.0663 0.9 -5.73842e-30
11.2712 0.916667 -3.08727e-30
11.4762 0.933333 -1.77481e-30
11.6811 0.95 -1.07661e-30
11.886 0.966667 -6.40826e-31
12.091 0.983333 -3.58867e-31
12.2959 1 -1.94319e-31
12.5008 1.01667 -1.10001e-31
12.7058 1.03333 -6.80562e-32
12.9107 1.05 -4.38078e-32
13.1156 1.06667 -2.71505e-32
13.3205 1.08333 -1.56248e-32
13.5255 1.1 -8.55148e-33
13.7304 1.11667 -4.79995e-33
13.9353 1.13333 -2.97105e-33
14.1403 1.15 -2.00802e-33
14.3452 1.16667 -1.36829e-33
14.5501 1.18333 -8.797e-34
14.7551 1.2 -5.2006e-34
14.96 1.21667 -2.87133e-34
15.1649 1.23333 -1.57662e-34
15.3699 1.25 -9.42802e-35
15.5748 1.26667 -6.38172e-35
15.7797 1.28333 -4.66431e-35
15.9847 1.3 -3.40379e-35
16.1896 1.31667 -2.33846e-35
16.3945 1.33333 -1.47572e-35
16.5995 1.35 -8.57859e-36
16.8044 1.36667 -4.65635e-36
17.0093 1.38333 -2.43621e-36
17.2142 1.4 -1.45636e-36
17.4192 1.41667 -1.10436e-36
17.6241 1.43333 -1.69833e-36
17.829 1.45 -4.49321e-36
18.034 1.46667 7.39283e-36
18.2389 1.48333 1.88363e-34
18.4438 1.5 1.46353e-33
18.6488 1.51667 1.08352e-32
18.8537 1.53333 7.65237e-32
19.0586 1.55 5.1601e-31
19.2636 1.56667 3.32504e-30
19.4685 1.58333 2.04915e-29
19.6734 1.6 1.20877e-28
19.8784 1.61667 6.83045e-28
20.0833 1.63333 3.70023e-27
20.2882 1.65 1.92314e-26
20.4932 1.66667 9.59661e-26
20.6981 1.68333 4.60115e-25
20.903 1.7 2.12113e-24
21.1079 1.71667 9.40853e-24
21.3129 1.73333 4.0182e-23
21.5178 1.75 1.65344e-22
21.7227 1.76667 6.55972e-22
21.9277 1.78333 2.51076e-21
22.1326 1.8 9.2775e-21
22.3375 1.81667 3.31162e-20
22.5425 1.83333 1.14264e-19
22.7474 1.85 3.8134e-19
22.9523 1.86667 1.23173e-18
23.1573 1.88333 3.85292e-18
23.3622 1.9 1.16789e-17
23.5671 1.91667 3.43251e-17
23.7721 1.93333 9.78784e-17
23.977 1.95 2.70948e-16
24.1819 1.96667 7.2857e-16
24.3868 1.98333 1.90415e-15
24.5918 2 4.8399e-15
24.7967 2.01667 1.19711e-14
25.0016 2.03333 2.88304e-14
25.2066 2.05 6.76465e-14
25.4115 2.06667 1.5473e-13
25.6164 2.08333 3.45222e-13
25.8214 2.1 7.51743e-13
26.0263 2.11667 1.59862e-12
26.2312 2.13333 3.32188e-12
26.4362 2.15 6.74901e-12
26.6411 2.16667 1.34143e-11
26.846 2.18333 2.60991e-11
27.051 2.2 4.97353e-11
27.2559 2.21667 9.28837e-11
27.4608 2.23333 1.70099e-10
27.6658 2.25 3.05637e-10
27.8707 2.26667 5.39136e-10
28.0756 2.28333 9.34176e-10
28.2805 2.3 1.5909e-09
28.4855 2.31667 2.66432e-09
28.6904 2.33333 4.39035e-09
28.8953 2.35 7.12232e-09
29.1003 2.36667 1.13812e-08
29.3052 2.38333 1.79239e-08
29.5101 2.4 2.78346e-08
29.7151 2.41667 4.2645e-08
29.92 2.43333 6.44917e-08
30.1249 2.45 9.63185e-08
30.3299 2.46667 1.42134e-07
30.5348 2.48333 2.07335e-07
30.7397 2.5 2.99117e-07
30.9447 2.51667 4.26969e-07
31.1496 2.53333 6.03299e-07
31.3545 2.55 8.44181e-07
31.5595 2.56667 1.17027e-06
31.7644 2.58333 1.6079e-06
31.9693 2.6 2.1904e-06
32.1742 2.61667 2.95969e-06
32.3792 2.63333 3.9681e-06
32.5841 2.65 5.28065e-06
32.789 2.66667 6.97761e-06
32.994 2.68333 9.15761e-06
33.1989 2.7 1.19413e-05
33.4038 2.71667 1.54754e-05
33.6088 2.73333 1.9938e-05
33.8137 2.75 2.55442e-05
34.0186 2.76667 3.25526e-05
34.2236 2.78333 4.12739e-05
34.4285 2.8 5.20794e-05
34.6334 2.81667 6.54121e-05
34.8384 2.83333 8.17991e-05
35.0433 2.85 0.000101866
35.2482 2.86667 0.000126354
35.4532 2.88333 0.000156139
35.6581 2.9 0.000192255
35.863 2.91667 0.000235918
36.0679 2.93333 0.00028856
36.2729 2.95 0.000351862
36.4778 2.96667 0.000427793
36.6827 2.98333 0.00051866
36.8877 3 0.000627162
37.0926 3.01667 0.000756448
37.2975 3.03333 0.000910194
37.5025 3.05 0.00109268
37.7074 3.06667 0.00130891
37.9123 3.08333 0.00156465
38.1173 3.1 0.00186666
38.3222 3.11667 0.00222275
38.5271 3.13333 0.00264196
38.7321 3.15 0.00313478
38.937 3.16667 0.00371331
39.1419 3.18333 0.00439156
39.3468 3.2 0.00518563
39.5518 3.21667 0.00611409
39.7567 3.23333 0.00719825
39.9616 3.25 0.00846255
40.1666 3.26667 0.00993497
40.3715 3.28333 0.0116474
40.5764 3.3 0.0136363
40.7814 3.31667 0.0159427
40.9863 3.33333 0.0186135
41.1912 3.35 0.021701
41.3962 3.36667 0.0252644
41.6011 3.38333 0.0293692
41.806 3.4 0.0340885
42.011 3.41667 0.0395028
42.2159 3.43333 0.0457001
42.4208 3.45 0.0527761
42.6258 3.46667 0.0608338
42.8307 3.48333 0.0699827
43.0356 3.5 0.0803383
43.2405 3.51667 0.0920205
43.4455 3.53333 0.105152
43.6504 3.55 0.119857
43.8553 3.56667 0.136259
44.0603 3.58333 0.154475
44.2652 3.6 0.174618
44.4701 3.61667 0.196791
44.6751 3.63333 0.221085
44.88 3.65 0.247577
45.0849 3.66667 0.276328
45.2899 3.68333 0.30738
45.4948 3.7 0.340756
45.6997 3.71667 0.376461
45.9047 3.73333 0.414478
46.1096 3.75 0.454773
46.3145 3.76667 0.497292
46.5195 3.78333 0.541965
46.7244 3.8 0.588705
46.9293 3.81667 0.637414
47.1342 3.83333 0.687978
47.3392 3.85 0.740279
47.5441 3.86667 0.794185
47.749 3.88333 0.849562
47.954 3.9 0.90627
48.1589 3.91667 0.964168
48.3638 3.93333 1.02311
48.5688 3.95 1.08296
48.7737 3.96667 1.14357
48.9786 3.98333 1.2048
49.1836 4 1.26651
49.3885 4.01667 1.32859
49.5934 4.03333 1.39089
49.7984 4.05 1.4533
50.0033 4.06667 1.51571
50.2082 4.08333 1.57799
50.4132 4.1 1.64006
50.6181 4.11667 1.70181
50.823 4.13333 1.76315
51.0279 4.15 1.824
51.2329 4.16667 1.88428
51.4378 4.18333 1.94392
51.6427 4.2 2.00285
51.8477 4.21667 2.06102
52.0526 4.23333 2.11836
52.2575 4.25 2.17483
52.4625 4.26667 2.23038
52.6674 4.28333 2.28498
52.8723 4.3 2.33859
53.0773 4.31667 2.39118
53.2822 4.33333 2.44272
53.4871 4.35 2.49319
53.6921 4.36667 2.54258
53.897 4.38333 2.59086
54.1019 4.4 2.63803
54.3068 4.41667 2.68408
54.5118 4.43333 2.72899
54.7167 4.45 2.77276
54.9216 4.46667 2.8154
55.1266 4.48333 2.85689
55.3315 4.5 2.89725
55.5364 4.51667 2.93647
55.7414 4.53333 2.97455
55.9463 4.55 3.01151
56.1512 4.56667 3.04735
56.3562 4.58333 3.08208
56.5611 4.6 3.1157
56.766 4.61667 3.14822
56.971 4.63333 3.17965
57.1759 4.65 3.21
57.3808 4.66667 3.23928
57.5858 4.68333 3.26751
57.7907 4.7 3.29468
57.9956 4.71667 3.32081
58.2005 4.73333 3.3459
58.4055 4.75 3.36997
58.6104 4.76667 3.39303
58.8153 4.78333 3.41508
59.0203 4.8 3.43613
59.2252 4.81667 3.45619
59.4301 4.83333 3.47526
59.6351 4.85 3.49334
59.84 4.86667 3.51045
60.0449 4.88333 3.52659
60.2499 4.9 3.54175
60.4548 4.91667 3.55594
60.6597 4.93333 3.56915
60.8647 4.95 3.5814
61.0696 4.96667 3.59266
61.2745 4.98333 3.60295
61.4795 5 3.61224
61.6844 5.01667 3.62054
61.8893 5.03333 3.62784
62.0942 5.05 3.63412
62.2992 5.06667 3.63937
62.5041 5.08333 3.64358
62.709 5.1 3.64673
62.914 5.11667 3.6488
63.1189 5.13333 3.64978
63.3238 5.15 3.64963
63.5288 5.16667 3.64833
63.7337 5.18333 3.64587
63.9386 5.2 3.6422
64.1436 5.21667 3.63731
64.3485 5.23333 3.63115
64.5534 5.25 3.62371
64.7584 5.26667 3.61494
64.9633 5.28333 3.60481
65.1682 5.3 3.59329
65.3732 5.31667 3.58034
65.5781 5.33333 3.56594
65.783 5.35 3.55005
65.9879 5.36667 3.53264
66.1929 5.38333 3.51369
66.3978 5.4 3.49317
66.6027 5.41667 3.47108
66.8077 5.43333 3.44738
67.0126 5.45 3.42209
67.2175 5.46667 3.39521
67.4225 5.48333 3.36673
67.6274 5.5 3.33669
67.8323 5.51667 3.30511
68.0373 5.53333 3.27204
68.2422 5.55 3.23751
68.4471 5.56667 3.20159
68.6521 5.58333 3.16436
68.857 5.6 3.12589
69.0619 5.61667 3.08627
69.2668 5.63333 3.04559
69.4718 5.65 3.00397
69.6767 5.66667 2.96152
69.8816 5.68333 2.91834
70.0866 5.7 2.87456
70.2915 5.71667 2.8303
70.4964 5.73333 2.78568
70.7014 5.75 2.74082
70.9063 5.76667 2.69584
71.1112 5.78333 2.65086
71.3162 5.8 2.60597
71.5211 5.81667 2.5613
71.726 5.83333 2.51693
71.931 5.85 2.47296
72.1359 5.86667 2.42948
72.3408 5.88333 2.38656
72.5458 5.9 2.34427
72.7507 5.91667 2.30267
72.9556 5.93333 2.26183
73.1605 5.95 2.22178
73.3655 5.96667 2.18258
73.5704 5.98333 2.14426
73.7753 6 2.10684
73.9803 6.01667 2.07035
74.1852 6.03333 2.03481
74.3901 6.05 2.00022
74.5951 6.06667 1.96661
74.8 6.08333 1.93397
75.0049 6.1 1.90229
75.2099 6.11667 1.87159
75.4148 6.13333 1.84185
75.6197 6.15 1.81305
75.8247 6.16667 1.7852
76.0296 6.18333 1.75828
76.2345 6.2 1.73226
76.4395 6.21667 1.70714
76.6444 6.23333 1.6829
76.8493 6.25 1.65951
77.0542 6.26667 1.63695
77.2592 6.28333 1.61521
77.4641 6.3 1.59425
77.669 6.31667 1.57407
77.874 6.33333 1.55464
78.0789 6.35 1.53592
78.2838 6.36667 1.51791
78.4888 6.38333 1.50058
78.6937 6.4 1.48391
78.8986 6.41667 1.46787
79.1036 6.43333 1.45245
79.3085 6.45 1.43761
79.5134 6.46667 1.42335
79.7184 6.48333 1.40963
79.9233 6.5 1.39644
80.1282 6.51667 1.38377
80.3332 6.53333 1.37158
80.5381 6.55 1.35986
80.743 6.56667 1.3486
80.9479 6.58333 1.33777
81.1529 6.6 1.32737
81.3578 6.61667 1.31736
81.5627 6.63333 1.30774
81.7677 6.65 1.29848
81.9726 6.66667 1.28959
82.1775 6.68333 1.28103
82.3825 6.7 1.2728
82.5874 6.71667 1.26489
82.7923 6.73333 1.25727
82.9973 6.75 1.24994
83.2022 6.76667 1.24289
83.4071 6.78333 1.2361
83.6121 6.8 1.22957
83.817 6.81667 1.22328
84.0219 6.83333 1.21722
84.2268 6.85 1.21138
84.4318 6.86667 1.20576
84.6367 6.88333 1.20034
84.8416 6.9 1.19512
85.0466 6.91667 1.19009
85.2515 6.93333 1.18523
85.4564 6.95 1.18055
85.6614 6.96667 1.17603
85.8663 6.98333 1.17167
86.0712 7 1.16746
86.2762 7.01667 1.1634
86.4811 7.03333 1.15948
86.686 7.05 1.15569
86.891 7.06667 1.15202
87.0959 7.08333 1.14848
87.3008 7.1 1.14506
87.5058 7.11667 1.14175
87.7107 7.13333 1.13854
87.9156 7.15 1.13545
88.1205 7.16667 1.13244
88.3255 7.18333 1.12954
88.5304 7.2 1.12673
88.7353 7.21667 1.124
88.9403 7.23333 1.12136
89.1452 7.25 1.1188
89.3501 7.26667 1.11631
89.5551 7.28333 1.1139
89.76 7.3 1.11156
89.9649 7.31667 1.10929
90.1699 7.33333 1.10709
90.3748 7.35 1.10495
90.5797 7.36667 1.10287
90.7847 7.38333 1.10085
90.9896 7.4 1.09889
91.1945 7.41667 1.09698
91.3995 7.43333 1.09512
91.6044 7.45 1.09331
91.8093 7.46667 1.09155
92.0142 7.48333 1.08984
92.2192 7.5 1.08817
92.4241 7.51667 1.08655
92.629 7.53333 1.08497
92.834 7.55 1.08343
93.0389 7.56667 1.08192
93.2438 7.58333 1.08046
93.4488 7.6 1.07903
93.6537 7.61667 1.07763
93.8586 7.63333 1.07627
94.0636 7.65 1.07494
94.2685 7.66667 1.07365
94.4734 7.68333 1.07238
94.6784 7.7 1.07114
94.8833 7.71667 1.06993
95.0882 7.73333 1.06875
95.2932 7.75 1.0676
95.4981 7.76667 1.06647
95.703 7.78333 1.06537
95.9079 7.8 1.06429
96.1129 7.81667 1.06323
96.3178 7.83333 1.0622
96.5227 7.85 1.06118
96.7277 7.86667 1.06019
96.9326 7.88333 1.05922
97.1375 7.9 1.05827
97.3425 7.91667 1.05734
97.5474 7.93333 1.05643
97.7523 7.95 1.05554
97.9573 7.96667 1.05466
98.1622 7.98333 1.05381
98.3671 8 1.05296
98.5721 8.01667 1.05214
98.777 8.03333 1.05133
98.9819 8.05 1.05054
99.1868 8.06667 1.04976
99.3918 8.08333 1.049
99.5967 8.1 1.04825
99.8016 8.11667 1.04751
100.007 8.13333 1.04679
100.212 8.15 1.04608
100.416 8.16667 1.04539
100.621 8.18333 1.0447
100.826 8.2 1.04403
101.031 8.21667 1.04337
101.236 8.23333 1.04273
101.441 8.25 1.04209
101.646 8.26667 1.04147
101.851 8.28333 1.04085
102.056 8.3 1.04025
102.261 8.31667 1.03966
102.466 8.33333 1.03908
102.671 8.35 1.0385
102.876 8.36667 1.03794
103.081 8.38333 1.03739
103.285 8.4 1.03684
103.49 8.41667 1.03631
103.695 8.43333 1.03578
103.9 8.45 1.03527
104.105 8.46667 1.03476
104.31 8.48333 1.03426
104.515 8.5 1.03376
104.72 8.51667 1.03328
104.925 8.53333 1.0328
105.13 8.55 1.03233
105.335 8.56667 1.03187
105.54 8.58333 1.03142
105.745 8.6 1.03097
105.95 8.61667 1.03053
106.155 8.63333 1.0301
106.359 8.65 1.02967
106.564 8.66667 1.02925
106.769 8.68333 1.02884
106.974 8.7 1.02843
107.179 8.71667 1.02803
107.384 8.73333 1.02764
107.589 8.75 1.02725
107.794 8.76667 1.02687
107.999 8.78333 1.02649
108.204 8.8 1.02612
108.409 8.81667 1.02575
108.614 8.83333 1.02539
108.819 8.85 1.02504
109.024 8.86667 1.02469
109.228 8.88333 1.02435
109.433 8.9 1.02401
109.638 8.91667 1.02368
109.843 8.93333 1.02335
110.048 8.95 1.02302
110.253 8.96667 1.02271
110.458 8.98333 1.02239
110.663 9 1.02208
110.868 9.01667 1.02178
111.073 9.03333 1.02148
111.278 9.05 1.02118
111.483 9.06667 1.02089
111.688 9.08333 1.0206
111.893 9.1 1.02032
112.098 9.11667 1.02004
112.302 9.13333 1.01976
112.507 9.15 1.01949
112.712 9.16667 1.01923
112.917 9.18333 1.01896
113.122 9.2 1.0187
113.327 9.21667 1.01845
113.532 9.23333 1.01819
113.737 9.25 1.01795
113.942 9.26667 1.0177
114.147 9.28333 1.01746
114.352 9.3 1.01722
114.557 9.31667 1.01699
114.762 9.33333 1.01676
114.967 9.35 1.01653
115.172 9.36667 1.0163
115.376 9.38333 1.01608
115.581 9.4 1.01586
115.786 9.41667 1.01565
115.991 9.43333 1.01543
116.196 9.45 1.01522
116.401 9.46667 1.01502
116.606 9.48333 1.01481
116.811 9.5 1.01461
117.016 9.51667 1.01442
117.221 9.53333 1.01422
117.426 9.55 1.01403
117.631 9.56667 1.01384
117.836 9.58333 1.01365
118.041 9.6 1.01347
118.245 9.61667 1.01329
118.45 9.63333 1.01311
118.655 9.65 1.01293
118.86 9.66667 1.01276
119.065 9.68333 1.01258
119.27 9.7 1.01241
119.475 9.71667 1.01225
119.68 9.73333 1.01208
119.885 9.75 1.01192
120.09 9.76667 1.01176
120.295 9.78333 1.0116
120.5 9.8 1.01144
120.705 9.81667 1.01129
120.91 9.83333 1.01114
121.115 9.85 1.01099
121.319 9.86667 1.01084
121.524 9.88333 1.0107
121.729 9.9 1.01055
121.934 9.91667 1.01041
122.139 9.93333 1.01027
122.344 9.95 1.01013
122.549 9.96667 1.01
122.754 9.98333 1.00986
122.959 10 1.00973
123.164 10.0167 1.0096
123.369 10.0333 1.00947
123.574 10.05 1.00935
123.779 10.0667 1.00922
123.984 10.0833 1.0091
124.188 10.1 1.00898
124.393 10.1167 1.00886
124.598 10.1333 1.00874
124.803 10.15 1.00862
125.008 10.1667 1.00851
125.213 10.1833 1.00839
125.418 10.2 1.00828
125.623 10.2167 1.00817
125.828 10.2333 1.00806
126.033 10.25 1.00795
126.238 10.2667 1.00785
126.443 10.2833 1.00774
126.648 10.3 1.00764
126.853 10.3167 1.00754
127.058 10.3333 1.00744
127.262 10.35 1.00734
127.467 10.3667 1.00724
127.672 10.3833 1.00715
127.877 10.4 1.00705
128.082 10.4167 1.00696
128.287 10.4333 1.00686
128.492 10.45 1.00677
128.697 10.4667 1.00668
128.902 10.4833 1.00659
129.107 10.5 1.00651
129.312 10.5167 1.00642
129.517 10.5333 1.00633
129.722 10.55 1.00625
129.927 10.5667 1.00617
130.132 10.5833 1.00609
130.336 10.6 1.00601
130.541 10.6167 1.00593
130.746 10.6333 1.00585
130.951 10.65 1.00577
131.156 10.6667 1.00569
131.361 10.6833 1.00562
131.566 10.7 1.00554
131.771 10.7167 1.00547
131.976 10.7333 1.0054
132.181 10.75 1.00533
132.386 10.7667 1.00526
132.591 10.7833 1.00519
132.796 10.8 1.00512
133.001 10.8167 1.00505
133.205 10.8333 1.00498
133.41 10.85 1.00492
133.615 10.8667 1.00485
133.82 10.8833 1.00479
134.025 10.9 1.00472
134.23 10.9167 1.00466
134.435 10.9333 1.0046
134.64 10.95 1.00454
134.845 10.9667 1.00448
135.05 10.9833 1.00442
135.255 11 1.00436
135.46 11.0167 1.0043
135.665 11.0333 1.00425
135.87 11.05 1.00419
136.075 11.0667 1.00414
136.279 11.0833 1.00408
136.484 11.1 1.00403
136.689 11.1167 1.00397
136.894 11.1333 1.00392
137.099 11.15 1.00387
137.304 11.1667 1.00382
137.509 11.1833 1.00377
137.714 11.2 1.00372
137.919 11.2167 1.00367
138.124 11.2333 1.00362
138.329 11.25 1.00358
138.534 11.2667 1.00353
138.739 11.2833 1.00348
138.944 11.3 1.00344
139.148 11.3167 1.00339
139.353 11.3333 1.00335
139.558 11.35 1.0033
139.763 11.3667 1.00326
139.968 11.3833 1.00322
140.173 11.4 1.00317
140.378 11.4167 1.00313
140.583 11.4333 1.00309
140.788 11.45 1.00305
140.993 11.4667 1.00301
141.198 11.4833 1.00297
141.403 11.5 1.00293
141.608 11.5167 1.00289
141.813 11.5333 1.00286
142.018 11.55 1.00282
142.222 11.5667 1.00278
142.427 11.5833 1.00274
142.632 11.6 1.00271
142.837 11.6167 1.00267
143.042 11.6333 1.00264
143.247 11.65 1.0026
143.452 11.6667 1.00257
143.657 11.6833 1.00254
143.862 11.7 1.0025
144.067 11.7167 1.00247
144.272 11.7333 1.00244
144.477 11.75 1.00241
144.682 11.7667 1.00237
144.887 11.7833 1.00234
145.092 11.8 1.00231
145.296 11.8167 1.00228
145.501 11.8333 1.00225
145.706 11.85 1.00222
145.911 11.8667 1.00219
146.116 11.8833 1.00217
146.321 11.9 1.00214
146.526 11.9167 1.00211
146.731 11.9333 1.00208
146.936 11.95 1.00206
147.141 11.9667 1.00203
147.346 11.9833 1.002
147.551 12 1.00198
147.756 12.0167 1.00195
147.961 12.0333 1.00192
148.165 12.05 1.0019
148.37 12.0667 1.00188
148.575 12.0833 1.00185
148.78 12.1 1.00183
148.985 12.1167 1.0018
149.19 12.1333 1.00178
149.395 12.15 1.00176
149.6 12.1667 1.00173
