0 0 0
0.204932 0.0166667 2.49983e-62
0.409863 0.0333333 1.80272e-30
0.614795 0.05 3.94752e-16
0.819726 0.0666667 8.53199e-09
1.02466 0.0833333 1.13459e-05
1.22959 0.1 6.20738e-05
1.43452 0.116667 7.4921e-05
1.63945 0.133333 7.74826e-05
1.84438 0.15 7.96376e-05
2.04932 0.166667 8.16899e-05
2.25425 0.183333 8.36386e-05
2.45918 0.2 8.54797e-05
2.66411 0.216667 8.72079e-05
2.86904 0.233333 8.88166e-05
3.07397 0.25 9.02987e-05
3.2789 0.266667 9.16463e-05
3.48384 0.283333 9.28516e-05
3.68877 0.3 9.39065e-05
3.8937 0.316667 9.48033e-05
4.09863 0.333333 9.55344e-05
4.30356 0.35 9.60931e-05
4.50849 0.366667 9.64734e-05
4.71342 0.383333 9.66702e-05
4.91836 0.4 9.66797e-05
5.12329 0.416667 9.64994e-05
5.32822 0.433333 9.6128e-05
5.53315 0.45 9.55658e-05
5.73808 0.466667 9.48149e-05
5.94301 0.483333 9.38787e-05
6.14795 0.5 9.27624e-05
6.35288 0.516667 9.14726e-05
6.55781 0.533333 9.00176e-05
6.76274 0.55 8.84073e-05
6.96767 0.566667 8.66529e-05
7.1726 0.583333 8.47671e-05
7.37753 0.6 8.27641e-05
7.58247 0.616667 8.06594e-05
7.7874 0.633333 7.847e-05
7.99233 0.65 7.6214e-05
8.19726 0.666667 7.39103e-05
8.40219 0.683333 7.15781e-05
8.60712 0.7 6.92364e-05
8.81205 0.716667 6.69028e-05
9.01699 0.733333 6.45935e-05
9.22192 0.75 6.23222e-05
9.42685 0.766667 6.01004e-05
9.63178 0.783333 5.7937e-05
9.83671 0.8 5.58389e-05
10.0416 0.816667 5.38108e-05
10.2466 0.833333 5.18557e-05
10.4515 0.85 4.99752e-05
10.6564 0.866667 4.81697e-05
10.8614 0.883333 4.64387e-05
11.0663 0.9 4.4781e-05
11.2712 0.916667 4.3195e-05
11.4762 0.933333 4.16785e-05
11.6811 0.95 4.02292e-05
11.886 0.966667 3.88446e-05
12.091 0.983333 3.7522e-05
12.2959 1 3.62588e-05
12.5008 1.01667 3.50523e-05
12.7058 1.03333 3.38999e-05
12.9107 1.05 3.2799e-05
13.1156 1.06667 3.17472e-05
13.3205 1.08333 3.07421e-05
13.5255 1.1 2.97812e-05
13.7304 1.11667 2.88625e-05
13.9353 1.13333 2.79838e-05
14.1403 1.15 2.71432e-05
14.3452 1.16667 2.63386e-05
14.5501 1.18333 2.55684e-05
14.7551 1.2 2.48308e-05
14.96 1.21667 2.41242e-05
15.1649 1.23333 2.34471e-05
15.3699 1.25 2.27981e-05
15.5748 1.26667 2.21758e-05
15.7797 1.28333 2.1579e-05
15.9847 1.3 2.10064e-05
16.1896 1.31667 2.0457e-05
16.3945 1.33333 1.99297e-05
16.5995 1.35 1.94235e-05
16.8044 1.36667 1.89374e-05
17.0093 1.38333 1.84706e-05
17.2142 1.4 1.80223e-05
17.4192 1.41667 1.75916e-05
17.6241 1.43333 1.7178e-05
17.829 1.45 1.67806e-05
18.034 1.46667 1.63989e-05
18.2389 1.48333 1.60323e-05
18.4438 1.5 1.56801e-05
18.6488 1.51667 1.53419e-05
18.8537 1.53333 1.50173e-05
19.0586 1.55 1.47057e-05
19.2636 1.56667 1.44067e-05
19.4685 1.58333 1.41199e-05
19.6734 1.6 1.38451e-05
19.8784 1.61667 1.35818e-05
20.0833 1.63333 1.33297e-05
20.2882 1.65 1.30887e-05
20.4932 1.66667 1.28583e-05
20.6981 1.68333 1.26384e-05
20.903 1.7 1.24288e-05
21.1079 1.71667 1.22294e-05
21.3129 1.73333 1.20399e-05
21.5178 1.75 1.18602e-05
21.7227 1.76667 1.16902e-05
21.9277 1.78333 1.15298e-05
22.1326 1.8 1.13791e-05
22.3375 1.81667 1.12378e-05
22.5425 1.83333 1.11061e-05
22.7474 1.85 1.09839e-05
22.9523 1.86667 1.08712e-05
23.1573 1.88333 1.07682e-05
23.3622 1.9 1.06749e-05
23.5671 1.91667 1.05913e-05
23.7721 1.93333 1.05177e-05
23.977 1.95 1.04542e-05
24.1819 1.96667 1.04011e-05
24.3868 1.98333 1.03584e-05
24.5918 2 1.03265e-05
24.7967 2.01667 1.03057e-05
25.0016 2.03333 1.02963e-05
25.2066 2.05 1.02986e-05
25.4115 2.06667 1.03131e-05
25.6164 2.08333 1.03402e-05
25.8214 2.1 1.03804e-05
26.0263 2.11667 1.04342e-05
26.2312 2.13333 1.05022e-05
26.4362 2.15 1.0585e-05
26.6411 2.16667 1.06833e-05
26.846 2.18333 1.07979e-05
27.051 2.2 1.09295e-05
27.2559 2.21667 1.1079e-05
27.4608 2.23333 1.12474e-05
27.6658 2.25 1.14356e-05
27.8707 2.26667 1.16448e-05
28.0756 2.28333 1.18761e-05
28.2805 2.3 1.21308e-05
28.4855 2.31667 1.24103e-05
28.6904 2.33333 1.2716e-05
28.8953 2.35 1.30494e-05
29.1003 2.36667 1.34124e-05
29.3052 2.38333 1.38065e-05
29.5101 2.4 1.42339e-05
29.7151 2.41667 1.46966e-05
29.92 2.43333 1.51967e-05
30.1249 2.45 1.57367e-05
30.3299 2.46667 1.63192e-05
30.5348 2.48333 1.69468e-05
30.7397 2.5 1.76225e-05
30.9447 2.51667 1.83495e-05
31.1496 2.53333 1.9131e-05
31.3545 2.55 1.99707e-05
31.5595 2.56667 2.08724e-05
31.7644 2.58333 2.18401e-05
31.9693 2.6 2.28784e-05
32.1742 2.61667 2.39919e-05
32.3792 2.63333 2.51856e-05
32.5841 2.65 2.64648e-05
32.789 2.66667 2.78354e-05
32.994 2.68333 2.93035e-05
33.1989 2.7 3.08756e-05
33.4038 2.71667 3.25587e-05
33.6088 2.73333 3.43604e-05
33.8137 2.75 3.62886e-05
34.0186 2.76667 3.8352e-05
34.2236 2.78333 4.05596e-05
34.4285 2.8 4.29214e-05
34.6334 2.81667 4.54476e-05
34.8384 2.83333 4.81496e-05
35.0433 2.85 5.10392e-05
35.2482 2.86667 5.41292e-05
35.4532 2.88333 5.74333e-05
35.6581 2.9 6.09659e-05
35.863 2.91667 6.47427e-05
36.0679 2.93333 6.87803e-05
36.2729 2.95 7.30963e-05
36.4778 2.96667 7.77098e-05
36.6827 2.98333 8.2641e-05
36.8877 3 8.79115e-05
37.0926 3.01667 9.35442e-05
37.2975 3.03333 9.95639e-05
37.5025 3.05 0.000105997
37.7074 3.06667 0.000112871
37.9123 3.08333 0.000120216
38.1173 3.1 0.000128063
38.3222 3.11667 0.000136448
38.5271 3.13333 0.000145405
38.7321 3.15 0.000154973
38.937 3.16667 0.000165194
39.1419 3.18333 0.000176109
39.3468 3.2 0.000187767
39.5518 3.21667 0.000200215
39.7567 3.23333 0.000213505
39.9616 3.25 0.000227692
40.1666 3.26667 0.000242834
40.3715 3.28333 0.000258993
40.5764 3.3 0.000276232
40.7814 3.31667 0.00029462
40.9863 3.33333 0.000314226
41.1912 3.35 0.000335126
41.3962 3.36667 0.000357397
41.6011 3.38333 0.000381117
41.806 3.4 0.000406372
42.011 3.41667 0.000433245
42.2159 3.43333 0.000461824
42.4208 3.45 0.000492198
42.6258 3.46667 0.000524459
42.8307 3.48333 0.000558697
43.0356 3.5 0.000595005
43.2405 3.51667 0.000633474
43.4455 3.53333 0.000674196
43.6504 3.55 0.00071726
43.8553 3.56667 0.000762756
44.0603 3.58333 0.000810772
44.2652 3.6 0.000861394
44.4701 3.61667 0.000914707
44.6751 3.63333 0.000970795
44.88 3.65 0.00102974
45.0849 3.66667 0.00109163
45.2899 3.68333 0.00115654
45.4948 3.7 0.00122457
45.6997 3.71667 0.00129579
45.9047 3.73333 0.0013703
46.1096 3.75 0.00144818
46.3145 3.76667 0.00152954
46.5195 3.78333 0.00161448
46.7244 3.8 0.0017031
46.9293 3.81667 0.00179552
47.1342 3.83333 0.00189184
47.3392 3.85 0.00199219
47.5441 3.86667 0.0020967
47.749 3.88333 0.0022055
47.954 3.9 0.00231874
48.1589 3.91667 0.00243657
48.3638 3.93333 0.00255912
48.5688 3.95 0.00268658
48.7737 3.96667 0.00281911
48.9786 3.98333 0.00295688
49.1836 4 0.00310008
49.3885 4.01667 0.0032489
49.5934 4.03333 0.00340354
49.7984 4.05 0.00356422
50.0033 4.06667 0.00373114
50.2082 4.08333 0.00390454
50.4132 4.1 0.00408466
50.6181 4.11667 0.00427174
50.823 4.13333 0.00446603
51.0279 4.15 0.00466782
51.2329 4.16667 0.00487737
51.4378 4.18333 0.00509498
51.6427 4.2 0.00532095
51.8477 4.21667 0.00555561
52.0526 4.23333 0.00579927
52.2575 4.25 0.00605229
52.4625 4.26667 0.00631503
52.6674 4.28333 0.00658785
52.8723 4.3 0.00687116
53.0773 4.31667 0.00716535
53.2822 4.33333 0.00747086
53.4871 4.35 0.00778814
53.6921 4.36667 0.00811763
53.897 4.38333 0.00845985
54.1019 4.4 0.00881528
54.3068 4.41667 0.00918446
54.5118 4.43333 0.00956795
54.7167 4.45 0.00996633
54.9216 4.46667 0.0103802
55.1266 4.48333 0.0108102
55.3315 4.5 0.011257
55.5364 4.51667 0.0117213
55.7414 4.53333 0.0122037
55.9463 4.55 0.0127052
56.1512 4.56667 0.0132265
56.3562 4.58333 0.0137683
56.5611 4.6 0.0143317
56.766 4.61667 0.0149174
56.971 4.63333 0.0155266
57.1759 4.65 0.0161601
57.3808 4.66667 0.0168192
57.5858 4.68333 0.0175047
57.7907 4.7 0.0182181
57.9956 4.71667 0.0189604
58.2005 4.73333 0.019733
58.4055 4.75 0.0205372
58.6104 4.76667 0.0213745
58.8153 4.78333 0.0222464
59.0203 4.8 0.0231545
59.2252 4.81667 0.0241003
59.4301 4.83333 0.0250858
59.6351 4.85 0.0261126
59.84 4.86667 0.0271828
60.0449 4.88333 0.0282985
60.2499 4.9 0.0294616
60.4548 4.91667 0.0306746
60.6597 4.93333 0.0319398
60.8647 4.95 0.0332596
61.0696 4.96667 0.0346368
61.2745 4.98333 0.0360741
61.4795 5 0.0375744
61.6844 5.01667 0.0391407
61.8893 5.03333 0.0407764
62.0942 5.05 0.0424847
62.2992 5.06667 0.0442691
62.5041 5.08333 0.0461335
62.709 5.1 0.0480817
62.914 5.11667 0.0501178
63.1189 5.13333 0.0522459
63.3238 5.15 0.0544704
63.5288 5.16667 0.0567961
63.7337 5.18333 0.0592275
63.9386 5.2 0.0617697
64.1436 5.21667 0.0644277
64.3485 5.23333 0.0672067
64.5534 5.25 0.0701121
64.7584 5.26667 0.0731492
64.9633 5.28333 0.0763235
65.1682 5.3 0.0796407
65.3732 5.31667 0.0831062
65.5781 5.33333 0.0867255
65.783 5.35 0.0905039
65.9879 5.36667 0.0944468
66.1929 5.38333 0.098559
66.3978 5.4 0.102845
66.6027 5.41667 0.10731
66.8077 5.43333 0.111957
67.0126 5.45 0.116789
67.2175 5.46667 0.12181
67.4225 5.48333 0.127021
67.6274 5.5 0.132423
67.8323 5.51667 0.138017
68.0373 5.53333 0.143802
68.2422 5.55 0.149776
68.4471 5.56667 0.155938
68.6521 5.58333 0.162284
68.857 5.6 0.168809
69.0619 5.61667 0.175507
69.2668 5.63333 0.182373
69.4718 5.65 0.189399
69.6767 5.66667 0.196578
69.8816 5.68333 0.2039
70.0866 5.7 0.211356
70.2915 5.71667 0.218937
70.4964 5.73333 0.226633
70.7014 5.75 0.234432
70.9063 5.76667 0.242325
71.1112 5.78333 0.2503
71.3162 5.8 0.258348
71.5211 5.81667 0.266458
71.726 5.83333 0.274619
71.931 5.85 0.282821
72.1359 5.86667 0.291055
72.3408 5.88333 0.299312
72.5458 5.9 0.307581
72.7507 5.91667 0.315856
72.9556 5.93333 0.324128
73.1605 5.95 0.332388
73.3655 5.96667 0.340631
73.5704 5.98333 0.34885
73.7753 6 0.357037
73.9803 6.01667 0.365189
74.1852 6.03333 0.373298
74.3901 6.05 0.381361
74.5951 6.06667 0.389372
74.8 6.08333 0.397328
75.0049 6.1 0.405226
75.2099 6.11667 0.413061
75.4148 6.13333 0.42083
75.6197 6.15 0.428532
75.8247 6.16667 0.436163
76.0296 6.18333 0.443722
76.2345 6.2 0.451206
76.4395 6.21667 0.458614
76.6444 6.23333 0.465944
76.8493 6.25 0.473196
77.0542 6.26667 0.480368
77.2592 6.28333 0.48746
77.4641 6.3 0.49447
77.669 6.31667 0.501399
77.874 6.33333 0.508245
78.0789 6.35 0.51501
78.2838 6.36667 0.521691
78.4888 6.38333 0.52829
78.6937 6.4 0.534807
78.8986 6.41667 0.541242
79.1036 6.43333 0.547594
79.3085 6.45 0.553865
79.5134 6.46667 0.560054
79.7184 6.48333 0.566162
79.9233 6.5 0.57219
80.1282 6.51667 0.578138
80.3332 6.53333 0.584007
80.5381 6.55 0.589797
80.743 6.56667 0.595509
80.9479 6.58333 0.601144
81.1529 6.6 0.606702
81.3578 6.61667 0.612184
81.5627 6.63333 0.617591
81.7677 6.65 0.622924
81.9726 6.66667 0.628183
82.1775 6.68333 0.63337
82.3825 6.7 0.638485
82.5874 6.71667 0.643528
82.7923 6.73333 0.648502
82.9973 6.75 0.653406
83.2022 6.76667 0.658241
83.4071 6.78333 0.663009
83.6121 6.8 0.667709
83.817 6.81667 0.672344
84.0219 6.83333 0.676914
84.2268 6.85 0.681419
84.4318 6.86667 0.685861
84.6367 6.88333 0.69024
84.8416 6.9 0.694557
85.0466 6.91667 0.698814
85.2515 6.93333 0.70301
85.4564 6.95 0.707147
85.6614 6.96667 0.711225
85.8663 6.98333 0.715246
86.0712 7 0.719209
86.2762 7.01667 0.723117
86.4811 7.03333 0.726969
86.686 7.05 0.730766
86.891 7.06667 0.73451
87.0959 7.08333 0.738201
87.3008 7.1 0.741839
87.5058 7.11667 0.745426
87.7107 7.13333 0.748962
87.9156 7.15 0.752448
88.1205 7.16667 0.755884
88.3255 7.18333 0.759272
88.5304 7.2 0.762611
88.7353 7.21667 0.765904
88.9403 7.23333 0.76915
89.1452 7.25 0.772349
89.3501 7.26667 0.775504
89.5551 7.28333 0.778614
89.76 7.3 0.781679
89.9649 7.31667 0.784702
90.1699 7.33333 0.787681
90.3748 7.35 0.790619
90.5797 7.36667 0.793515
90.7847 7.38333 0.79637
90.9896 7.4 0.799185
91.1945 7.41667 0.80196
91.3995 7.43333 0.804695
91.6044 7.45 0.807393
91.8093 7.46667 0.810052
92.0142 7.48333 0.812673
92.2192 7.5 0.815258
92.4241 7.51667 0.817806
92.629 7.53333 0.820319
92.834 7.55 0.822796
93.0389 7.56667 0.825238
93.2438 7.58333 0.827646
93.4488 7.6 0.830019
93.6537 7.61667 0.83236
93.8586 7.63333 0.834668
94.0636 7.65 0.836943
94.2685 7.66667 0.839186
94.4734 7.68333 0.841398
94.6784 7.7 0.843578
94.8833 7.71667 0.845729
95.0882 7.73333 0.847849
95.2932 7.75 0.849939
95.4981 7.76667 0.852
95.703 7.78333 0.854032
95.9079 7.8 0.856036
96.1129 7.81667 0.858011
96.3178 7.83333 0.859959
96.5227 7.85 0.86188
96.7277 7.86667 0.863774
96.9326 7.88333 0.865641
97.1375 7.9 0.867483
97.3425 7.91667 0.869298
97.5474 7.93333 0.871089
97.7523 7.95 0.872854
97.9573 7.96667 0.874595
98.1622 7.98333 0.876311
98.3671 8 0.878004
98.5721 8.01667 0.879673
98.777 8.03333 0.881318
98.9819 8.05 0.882941
99.1868 8.06667 0.884541
99.3918 8.08333 0.886119
99.5967 8.1 0.887675
99.8016 8.11667 0.88921
100.007 8.13333 0.890723
100.212 8.15 0.892215
100.416 8.16667 0.893686
100.621 8.18333 0.895137
100.826 8.2 0.896568
101.031 8.21667 0.897979
101.236 8.23333 0.899371
101.441 8.25 0.900743
101.646 8.26667 0.902096
101.851 8.28333 0.90343
102.056 8.3 0.904746
102.261 8.31667 0.906044
102.466 8.33333 0.907324
102.671 8.35 0.908586
102.876 8.36667 0.90983
103.081 8.38333 0.911058
103.285 8.4 0.912268
103.49 8.41667 0.913462
103.695 8.43333 0.914639
103.9 8.45 0.9158
104.105 8.46667 0.916945
104.31 8.48333 0.918074
104.515 8.5 0.919188
104.72 8.51667 0.920286
104.925 8.53333 0.921369
105.13 8.55 0.922438
105.335 8.56667 0.923491
105.54 8.58333 0.92453
105.745 8.6 0.925555
105.95 8.61667 0.926565
106.155 8.63333 0.927562
106.359 8.65 0.928545
106.564 8.66667 0.929515
106.769 8.68333 0.930471
106.974 8.7 0.931414
107.179 8.71667 0.932344
107.384 8.73333 0.933261
107.589 8.75 0.934166
107.794 8.76667 0.935058
107.999 8.78333 0.935938
108.204 8.8 0.936806
108.409 8.81667 0.937662
108.614 8.83333 0.938507
108.819 8.85 0.939339
109.024 8.86667 0.940161
109.228 8.88333 0.940971
109.433 8.9 0.94177
109.638 8.91667 0.942558
109.843 8.93333 0.943335
110.048 8.95 0.944102
110.253 8.96667 0.944858
110.458 8.98333 0.945604
110.663 9 0.94634
110.868 9.01667 0.947065
111.073 9.03333 0.947781
111.278 9.05 0.948487
111.483 9.06667 0.949183
111.688 9.08333 0.94987
111.893 9.1 0.950547
112.098 9.11667 0.951215
112.302 9.13333 0.951874
112.507 9.15 0.952525
112.712 9.16667 0.953166
112.917 9.18333 0.953798
113.122 9.2 0.954422
113.327 9.21667 0.955037
113.532 9.23333 0.955644
113.737 9.25 0.956243
113.942 9.26667 0.956833
114.147 9.28333 0.957416
114.352 9.3 0.95799
114.557 9.31667 0.958557
114.762 9.33333 0.959116
114.967 9.35 0.959667
115.172 9.36667 0.960211
115.376 9.38333 0.960748
115.581 9.4 0.961277
115.786 9.41667 0.961799
115.991 9.43333 0.962314
116.196 9.45 0.962822
116.401 9.46667 0.963323
116.606 9.48333 0.963817
116.811 9.5 0.964305
117.016 9.51667 0.964786
117.221 9.53333 0.96526
117.426 9.55 0.965728
117.631 9.56667 0.96619
117.836 9.58333 0.966645
118.041 9.6 0.967094
118.245 9.61667 0.967537
118.45 9.63333 0.967974
118.655 9.65 0.968405
118.86 9.66667 0.968831
119.065 9.68333 0.96925
119.27 9.7 0.969664
119.475 9.71667 0.970072
119.68 9.73333 0.970475
119.885 9.75 0.970872
120.09 9.76667 0.971264
120.295 9.78333 0.971651
120.5 9.8 0.972032
120.705 9.81667 0.972408
120.91 9.83333 0.972779
121.115 9.85 0.973145
121.319 9.86667 0.973507
121.524 9.88333 0.973863
121.729 9.9 0.974214
121.934 9.91667 0.974561
122.139 9.93333 0.974903
122.344 9.95 0.97524
122.549 9.96667 0.975573
122.754 9.98333 0.975902
122.959 10 0.976225
123.164 10.0167 0.976545
123.369 10.0333 0.97686
123.574 10.05 0.977171
123.779 10.0667 0.977478
123.984 10.0833 0.97778
124.188 10.1 0.978079
124.393 10.1167 0.978373
124.598 10.1333 0.978664
124.803 10.15 0.978951
125.008 10.1667 0.979233
125.213 10.1833 0.979512
125.418 10.2 0.979787
125.623 10.2167 0.980059
125.828 10.2333 0.980327
126.033 10.25 0.980591
126.238 10.2667 0.980852
126.443 10.2833 0.981109
126.648 10.3 0.981362
126.853 10.3167 0.981613
127.058 10.3333 0.981859
127.262 10.35 0.982103
127.467 10.3667 0.982343
127.672 10.3833 0.98258
127.877 10.4 0.982814
128.082 10.4167 0.983045
128.287 10.4333 0.983272
128.492 10.45 0.983497
128.697 10.4667 0.983718
128.902 10.4833 0.983937
129.107 10.5 0.984153
129.312 10.5167 0.984365
129.517 10.5333 0.984575
129.722 10.55 0.984782
129.927 10.5667 0.984986
130.132 10.5833 0.985188
130.336 10.6 0.985386
130.541 10.6167 0.985583
130.746 10.6333 0.985776
130.951 10.65 0.985967
131.156 10.6667 0.986155
131.361 10.6833 0.986341
131.566 10.7 0.986524
131.771 10.7167 0.986705
131.976 10.7333 0.986883
132.181 10.75 0.987059
132.386 10.7667 0.987233
132.591 10.7833 0.987404
132.796 10.8 0.987573
133.001 10.8167 0.98774
133.205 10.8333 0.987905
133.41 10.85 0.988067
133.615 10.8667 0.988227
133.82 10.8833 0.988385
134.025 10.9 0.988541
134.23 10.9167 0.988694
134.435 10.9333 0.988846
134.64 10.95 0.988996
134.845 10.9667 0.989143
135.05 10.9833 0.989289
135.255 11 0.989433
135.46 11.0167 0.989574
135.665 11.0333 0.989714
135.87 11.05 0.989852
136.075 11.0667 0.989988
136.279 11.0833 0.990123
136.484 11.1 0.990255
136.689 11.1167 0.990386
136.894 11.1333 0.990515
137.099 11.15 0.990642
137.304 11.1667 0.990768
137.509 11.1833 0.990892
137.714 11.2 0.991014
137.919 11.2167 0.991135
138.124 11.2333 0.991254
138.329 11.25 0.991371
138.534 11.2667 0.991487
138.739 11.2833 0.991601
138.944 11.3 0.991714
139.148 11.3167 0.991825
139.353 11.3333 0.991935
139.558 11.35 0.992043
139.763 11.3667 0.99215
139.968 11.3833 0.992255
140.173 11.4 0.992359
140.378 11.4167 0.992462
140.583 11.4333 0.992563
140.788 11.45 0.992663
140.993 11.4667 0.992761
141.198 11.4833 0.992858
141.403 11.5 0.992954
141.608 11.5167 0.993049
141.813 11.5333 0.993142
142.018 11.55 0.993234
142.222 11.5667 0.993325
142.427 11.5833 0.993415
142.632 11.6 0.993503
142.837 11.6167 0.99359
143.042 11.6333 0.993676
143.247 11.65 0.993761
143.452 11.6667 0.993845
143.657 11.6833 0.993928
143.862 11.7 0.994009
144.067 11.7167 0.99409
144.272 11.7333 0.994169
144.477 11.75 0.994248
144.682 11.7667 0.994325
144.887 11.7833 0.994401
145.092 11.8 0.994476
145.296 11.8167 0.994551
145.501 11.8333 0.994624
145.706 11.85 0.994696
145.911 11.8667 0.994767
146.116 11.8833 0.994838
146.321 11.9 0.994907
146.526 11.9167 0.994976
146.731 11.9333 0.995043
146.936 11.95 0.99511
147.141 11.9667 0.995176
147.346 11.9833 0.99524
147.551 12 0.995304
147.756 12.0167 0.995368
147.961 12.0333 0.99543
148.165 12.05 0.995491
148.37 12.0667 0.995552
148.575 12.0833 0.995612
148.78 12.1 0.995671
148.985 12.1167 0.995729
149.19 12.1333 0.995787
149.395 12.15 0.995843
149.6 12.1667 0.995899
