0 0 0
0.230137 0.0833333 8.08983e-41
0.460274 0.166667 1.26609e-20
0.690411 0.25 5.34336e-13
0.920548 0.333333 4.62564e-10
1.15068 0.416667 2.76544e-09
1.38082 0.5 3.2373e-09
1.61096 0.583333 3.26241e-09
1.8411 0.666667 3.25927e-09
2.07123 0.75 3.26113e-09
2.30137 0.833333 3.26215e-09
2.53151 0.916667 3.23101e-09
2.76164 1 3.04533e-09
2.99178 1.08333 2.34813e-09
3.22192 1.16667 1.04499e-09
3.45205 1.25 1.89752e-10
3.68219 1.33333 1.72815e-11
3.91233 1.41667 1.50138e-12
4.14247 1.5 1.6129e-13
4.3726 1.58333 2.12759e-14
4.60274 1.66667 3.19656e-15
4.83288 1.75 5.67875e-16
5.06301 1.83333 1.12612e-16
5.29315 1.91667 2.43315e-17
5.52329 2 5.67349e-18
5.75342 2.08333 1.39593e-18
5.98356 2.16667 3.79704e-19
6.2137 2.25 1.07223e-19
6.44384 2.33333 3.17075e-20
6.67397 2.41667 9.80021e-21
6.90411 2.5 3.10756e-21
7.13425 2.58333 1.04383e-21
7.36438 2.66667 3.6479e-22
7.59452 2.75 1.26185e-22
7.82466 2.83333 4.67433e-23
8.05479 2.91667 1.76745e-23
8.28493 3 6.78542e-24
8.51507 3.08333 2.65634e-24
8.74521 3.16667 1.0572e-24
8.97534 3.25 4.39155e-25
9.20548 3.33333 1.84966e-25
9.43562 3.41667 7.80471e-26
9.66575 3.5 3.35223e-26
9.89589 3.58333 1.47016e-26
10.126 3.66667 6.41993e-27
10.3562 3.75 2.98169e-27
10.5863 3.83333 1.38423e-27
10.8164 3.91667 6.18868e-28
11.0466 4 2.72319e-28
11.2767 4.08333 1.31206e-28
11.5068 4.16667 7.21736e-29
11.737 4.25 6.16659e-29
11.9671 4.33333 1.55489e-28
12.1973 4.41667 3.61882e-28
12.4274 4.5 8.0763e-28
12.6575 4.58333 1.75672e-27
12.8877 4.66667 3.75428e-27
13.1178 4.75 7.91662e-27
13.3479 4.83333 1.6509e-26
13.5781 4.91667 3.40889e-26
13.8082 5 6.97655e-26
14.0384 5.08333 1.41627e-25
14.2685 5.16667 2.85323e-25
14.4986 5.25 5.70569e-25
14.7288 5.33333 1.13279e-24
14.9589 5.41667 2.23364e-24
15.189 5.5 4.37567e-24
15.4192 5.58333 8.51709e-24
15.6493 5.66667 1.64725e-23
15.8795 5.75 3.16596e-23
16.1096 5.83333 6.04845e-23
16.3397 5.91667 1.14883e-22
16.5699 6 2.16939e-22
16.8 6.08333 4.07276e-22
17.0301 6.16667 7.60282e-22
17.2603 6.25 1.41155e-21
17.4904 6.33333 2.60671e-21
17.7205 6.41667 4.78794e-21
17.9507 6.5 8.74739e-21
18.1808 6.58333 1.58988e-20
18.411 6.66667 2.87535e-20
18.6411 6.75 5.17455e-20
18.8712 6.83333 9.26609e-20
19.1014 6.91667 1.6512e-19
19.3315 7 2.92871e-19
19.5616 7.08333 5.17114e-19
19.7918 7.16667 9.08928e-19
20.0219 7.25 1.59039e-18
20.2521 7.33333 2.77056e-18
20.4822 7.41667 4.80628e-18
20.7123 7.5 8.30361e-18
20.9425 7.58333 1.42866e-17
21.1726 7.66667 2.44799e-17
21.4027 7.75 4.17807e-17
21.6329 7.83333 7.10401e-17
21.863 7.91667 1.20338e-16
22.0932 8 2.03078e-16
22.3233 8.08333 3.41431e-16
22.5534 8.16667 5.71999e-16
22.7836 8.25 9.54967e-16
23.0137 8.33333 1.58881e-15
23.2438 8.41667 2.63405e-15
23.474 8.5 4.35186e-15
23.7041 8.58333 7.16613e-15
23.9342 8.66667 1.17616e-14
24.1644 8.75 1.9239e-14
24.3945 8.83333 3.13625e-14
24.6247 8.91667 5.09531e-14
24.8548 9 8.25077e-14
25.0849 9.08333 1.33153e-13
25.3151 9.16667 2.14131e-13
25.5452 9.25 3.43113e-13
25.7753 9.33333 5.47805e-13
26.0055 9.41667 8.71418e-13
26.2356 9.5 1.38089e-12
26.4658 9.58333 2.17935e-12
26.6959 9.66667 3.42504e-12
26.926 9.75 5.35961e-12
27.1562 9.83333 8.34936e-12
27.3863 9.91667 1.29447e-11
27.6164 10 1.99673e-11
27.8466 10.0833 3.06369e-11
28.0767 10.1667 4.67504e-11
28.3068 10.25 7.09269e-11
28.537 10.3333 1.06946e-10
28.7671 10.4167 1.60216e-10
28.9973 10.5 2.38424e-10
29.2274 10.5833 3.52372e-10
29.4575 10.6667 5.17052e-10
29.6877 10.75 7.53047e-10
29.9178 10.8333 1.08839e-09
30.1479 10.9167 1.56094e-09
30.3781 11 2.22119e-09
30.6082 11.0833 3.13566e-09
30.8384 11.1667 4.39119e-09
31.0685 11.25 6.10051e-09
31.2986 11.3333 8.40878e-09
31.5288 11.4167 1.15007e-08
31.7589 11.5 1.56091e-08
31.989 11.5833 2.1026e-08
32.2192 11.6667 2.81168e-08
32.4493 11.75 3.73359e-08
32.6795 11.8333 4.92417e-08
32.9096 11.9167 6.45177e-08
33.1397 12 8.40005e-08
33.3699 12.0833 1.08714e-07
33.6 12.1667 1.39903e-07
33.8301 12.25 1.79064e-07
34.0603 12.3333 2.28003e-07
34.2904 12.4167 2.88901e-07
34.5205 12.5 3.64397e-07
34.7507 12.5833 4.57648e-07
34.9808 12.6667 5.72417e-07
35.211 12.75 7.13204e-07
35.4411 12.8333 8.85423e-07
35.6712 12.9167 1.09556e-06
35.9014 13 1.35131e-06
36.1315 13.0833 1.6618e-06
36.3616 13.1667 2.03791e-06
36.5918 13.25 2.49269e-06
36.8219 13.3333 3.04168e-06
37.0521 13.4167 3.7032e-06
37.2822 13.5 4.49894e-06
37.5123 13.5833 5.45477e-06
37.7425 13.6667 6.60159e-06
37.9726 13.75 7.97598e-06
38.2027 13.8333 9.62098e-06
38.4329 13.9167 1.15875e-05
38.663 14 1.39364e-05
38.8932 14.0833 1.67399e-05
39.1233 14.1667 2.00832e-05
39.3534 14.25 2.40666e-05
39.5836 14.3333 2.88086e-05
39.8137 14.4167 3.44509e-05
40.0438 14.5 4.11615e-05
40.274 14.5833 4.91372e-05
40.5041 14.6667 5.86098e-05
40.7342 14.75 6.98546e-05
40.9644 14.8333 8.31993e-05
41.1945 14.9167 9.90311e-05
41.4247 15 0.000117803
41.6548 15.0833 0.00014005
41.8849 15.1667 0.000166407
42.1151 15.25 0.000197629
42.3452 15.3333 0.000234604
42.5753 15.4167 0.000278372
42.8055 15.5 0.000330161
43.0356 15.5833 0.000391433
43.2658 15.6667 0.00046392
43.4959 15.75 0.00054965
43.726 15.8333 0.000651003
43.9562 15.9167 0.000770794
44.1863 16 0.000912374
44.4164 16.0833 0.0010797
44.6466 16.1667 0.00127738
44.8767 16.25 0.00151085
45.1068 16.3333 0.00178655
45.337 16.4167 0.00211212
45.5671 16.5 0.00249652
45.7973 16.5833 0.00295024
46.0274 16.6667 0.0034856
46.2575 16.75 0.00411723
46.4877 16.8333 0.00486241
46.7178 16.9167 0.00574135
46.9479 17 0.00677762
47.1781 17.0833 0.00799894
47.4082 17.1667 0.00943815
47.6384 17.25 0.0111338
47.8685 17.3333 0.0131307
48.0986 17.4167 0.015481
48.3288 17.5 0.0182457
48.5589 17.5833 0.0214967
48.789 17.6667 0.0253175
49.0192 17.75 0.0298041
49.2493 17.8333 0.035067
49.4795 17.9167 0.041235
49.7096 18 0.0484568
49.9397 18.0833 0.0569016
50.1699 18.1667 0.0667594
50.4 18.25 0.0782455
50.6301 18.3333 0.0916032
50.8603 18.4167 0.107104
51.0904 18.5 0.125043
51.3205 18.5833 0.145737
51.5507 18.6667 0.169525
51.7808 18.75 0.196767
52.011 18.8333 0.227832
52.2411 18.9167 0.263078
52.4712 19 0.302844
52.7014 19.0833 0.347439
52.9315 19.1667 0.397135
53.1616 19.25 0.452121
53.3918 19.3333 0.512488
53.6219 19.4167 0.578214
53.8521 19.5 0.649174
54.0822 19.5833 0.725117
54.3123 19.6667 0.805642
54.5425 19.75 0.890209
54.7726 19.8333 0.978179
55.0027 19.9167 1.06884
55.2329 20 1.16141
55.463 20.0833 1.25505
55.6932 20.1667 1.3489
55.9233 20.25 1.44218
56.1534 20.3333 1.53413
56.3836 20.4167 1.62408
56.6137 20.5 1.7114
56.8438 20.5833 1.79558
57.074 20.6667 1.87621
57.3041 20.75 1.953
57.5342 20.8333 2.02573
57.7644 20.9167 2.09424
57.9945 21 2.15849
58.2247 21.0833 2.21847
58.4548 21.1667 2.27428
58.6849 21.25 2.32601
58.9151 21.3333 2.37379
59.1452 21.4167 2.41779
59.3753 21.5 2.45822
59.6055 21.5833 2.49528
59.8356 21.6667 2.52917
60.0658 21.75 2.5601
60.2959 21.8333 2.58827
60.526 21.9167 2.6139
60.7562 22 2.63718
60.9863 22.0833 2.6583
61.2164 22.1667 2.67743
61.4466 22.25 2.69474
61.6767 22.3333 2.71039
61.9068 22.4167 2.72454
62.137 22.5 2.7373
62.3671 22.5833 2.74882
62.5973 22.6667 2.7592
62.8274 22.75 2.76855
63.0575 22.8333 2.77697
63.2877 22.9167 2.78455
63.5178 23 2.79137
63.7479 23.0833 2.7975
63.9781 23.1667 2.80301
64.2082 23.25 2.80796
64.4384 23.3333 2.81241
64.6685 23.4167 2.81641
64.8986 23.5 2.81999
65.1288 23.5833 2.82321
65.3589 23.6667 2.8261
65.589 23.75 2.8287
65.8192 23.8333 2.83103
66.0493 23.9167 2.83311
66.2795 24 2.83498
66.5096 24.0833 2.83666
66.7397 24.1667 2.83816
66.9699 24.25 2.83951
67.2 24.3333 2.84072
67.4301 24.4167 2.8418
67.6603 24.5 2.84277
67.8904 24.5833 2.84364
68.1205 24.6667 2.84442
68.3507 24.75 2.84511
68.5808 24.8333 2.84573
68.811 24.9167 2.84629
69.0411 25 2.84679
69.2712 25.0833 2.84724
69.5014 25.1667 2.84763
69.7315 25.25 2.84799
69.9616 25.3333 2.84831
70.1918 25.4167 2.8486
70.4219 25.5 2.84885
70.6521 25.5833 2.84907
70.8822 25.6667 2.84928
71.1123 25.75 2.84947
71.3425 25.8333 2.84963
71.5726 25.9167 2.84976
71.8027 26 2.84989
72.0329 26.0833 2.85001
72.263 26.1667 2.85012
72.4932 26.25 2.8502
72.7233 26.3333 2.85028
72.9534 26.4167 2.85035
73.1836 26.5 2.85042
73.4137 26.5833 2.85048
73.6438 26.6667 2.85052
73.874 26.75 2.85056
74.1041 26.8333 2.8506
74.3342 26.9167 2.85065
74.5644 27 2.85067
74.7945 27.0833 2.85068
75.0247 27.1667 2.8507
75.2548 27.25 2.85074
75.4849 27.3333 2.85076
75.7151 27.4167 2.85076
75.9452 27.5 2.85076
76.1753 27.5833 2.85078
76.4055 27.6667 2.85081
76.6356 27.75 2.85082
76.8658 27.8333 2.8508
77.0959 27.9167 2.85079
77.326 28 2.85082
77.5562 28.0833 2.85085
77.7863 28.1667 2.85083
78.0164 28.25 2.8508
78.2466 28.3333 2.8508
78.4767 28.4167 2.85084
78.7068 28.5 2.85085
78.937 28.5833 2.85081
79.1671 28.6667 2.85078
79.3973 28.75 2.85081
79.6274 28.8333 2.85086
79.8575 28.9167 2.85084
80.0877 29 2.85077
80.3178 29.0833 2.85076
80.5479 29.1667 2.85082
80.7781 29.25 2.85086
81.0082 29.3333 2.8508
81.2384 29.4167 2.85072
81.4685 29.5 2.85075
81.6986 29.5833 2.85085
81.9288 29.6667 2.85084
82.1589 29.75 2.85073
82.389 29.8333 2.85067
82.6192 29.9167 2.85078
82.8493 30 2.85087
83.0795 30.0833 2.85079
83.3096 30.1667 2.85064
83.5397 30.25 2.85066
83.7699 30.3333 2.85083
84 30.4167 2.85087
84.2301 30.5 2.85069
84.4603 30.5833 2.85055
84.6904 30.6667 2.85069
84.9205 30.75 2.8509
85.1507 30.8333 2.85082
85.3808 30.9167 2.85054
85.611 31 2.8505
85.8411 31.0833 2.85079
86.0712 31.1667 2.85095
86.3014 31.25 2.85068
86.5315 31.3333 2.85037
86.7616 31.4167 2.85054
86.9918 31.5 2.85093
87.2219 31.5833 2.8509
87.4521 31.6667 2.8504
87.6822 31.75 2.8502
87.9123 31.8333 2.85059
88.1425 31.9167 2.85089
88.3726 32 2.85041
88.6027 32.0833 2.84959
88.8329 32.1667 2.84936
89.063 32.25 2.84945
89.2932 32.3333 2.84857
89.5233 32.4167 2.84613
89.7534 32.5 2.84283
89.9836 32.5833 2.83886
90.2137 32.6667 2.83212
90.4438 32.75 2.81927
90.674 32.8333 2.79751
90.9041 32.9167 2.76407
91.1342 33 2.71286
91.3644 33.0833 2.63268
91.5945 33.1667 2.51093
91.8247 33.25 2.34449
92.0548 33.3333 2.14988
92.2849 33.4167 1.95445
92.5151 33.5 1.77852
92.7452 33.5833 1.63032
92.9753 33.6667 1.51011
93.2055 33.75 1.41461
93.4356 33.8333 1.33955
93.6658 33.9167 1.2808
93.8959 34 1.23482
94.126 34.0833 1.19871
94.3562 34.1667 1.17018
94.5863 34.25 1.14745
94.8164 34.3333 1.12917
95.0466 34.4167 1.1143
95.2767 34.5 1.10206
95.5068 34.5833 1.09185
95.737 34.6667 1.08323
95.9671 34.75 1.07586
96.1973 34.8333 1.06949
96.4274 34.9167 1.06391
96.6575 35 1.05897
96.8877 35.0833 1.05457
97.1178 35.1667 1.05062
97.3479 35.25 1.04704
97.5781 35.3333 1.04378
97.8082 35.4167 1.0408
98.0384 35.5 1.03806
98.2685 35.5833 1.03554
98.4986 35.6667 1.03321
98.7288 35.75 1.03104
98.9589 35.8333 1.02904
99.189 35.9167 1.02717
99.4192 36 1.02543
99.6493 36.0833 1.02382
99.8795 36.1667 1.02231
100.11 36.25 1.0209
100.34 36.3333 1.01958
100.57 36.4167 1.01835
100.8 36.5 1.01719
101.03 36.5833 1.01612
101.26 36.6667 1.01511
101.49 36.75 1.01417
101.721 36.8333 1.01328
101.951 36.9167 1.01245
102.181 37 1.01168
102.411 37.0833 1.01095
102.641 37.1667 1.01027
102.871 37.25 1.00964
103.101 37.3333 1.00904
103.332 37.4167 1.00848
103.562 37.5 1.00795
103.792 37.5833 1.00746
104.022 37.6667 1.007
104.252 37.75 1.00657
104.482 37.8333 1.00616
104.712 37.9167 1.00578
104.942 38 1.00542
105.173 38.0833 1.00509
105.403 38.1667 1.00477
105.633 38.25 1.00448
105.863 38.3333 1.0042
106.093 38.4167 1.00394
106.323 38.5 1.0037
106.553 38.5833 1.00347
106.784 38.6667 1.00326
107.014 38.75 1.00306
107.244 38.8333 1.00287
107.474 38.9167 1.00269
107.704 39 1.00253
107.934 39.0833 1.00237
108.164 39.1667 1.00223
108.395 39.25 1.00209
108.625 39.3333 1.00196
108.855 39.4167 1.00184
109.085 39.5 1.00173
109.315 39.5833 1.00162
109.545 39.6667 1.00152
109.775 39.75 1.00143
110.005 39.8333 1.00134
110.236 39.9167 1.00126
110.466 40 1.00118
110.696 40.0833 1.00111
110.926 40.1667 1.00104
111.156 40.25 1.00098
111.386 40.3333 1.00092
111.616 40.4167 1.00086
111.847 40.5 1.00081
112.077 40.5833 1.00076
112.307 40.6667 1.00071
112.537 40.75 1.00067
112.767 40.8333 1.00063
112.997 40.9167 1.00059
113.227 41 1.00055
113.458 41.0833 1.00052
113.688 41.1667 1.00049
113.918 41.25 1.00046
114.148 41.3333 1.00043
114.378 41.4167 1.0004
114.608 41.5 1.00038
114.838 41.5833 1.00035
115.068 41.6667 1.00033
115.299 41.75 1.00031
115.529 41.8333 1.00029
115.759 41.9167 1.00027
115.989 42 1.00026
116.219 42.0833 1.00024
116.449 42.1667 1.00023
116.679 42.25 1.00021
116.91 42.3333 1.0002
117.14 42.4167 1.00019
117.37 42.5 1.00018
117.6 42.5833 1.00017
117.83 42.6667 1.00016
118.06 42.75 1.00015
118.29 42.8333 1.00014
118.521 42.9167 1.00013
118.751 43 1.00012
