0 0 0
0.230137 0.0833333 -4.38805e-42
0.460274 0.166667 -5.01363e-22
0.690411 0.25 -9.16552e-14
0.920548 0.333333 -3.14827e-10
1.15068 0.416667 -2.9754e-09
1.38082 0.5 -1.10291e-09
1.61096 0.583333 -5.69018e-10
1.8411 0.666667 -3.0389e-10
2.07123 0.75 -2.87346e-11
2.30137 0.833333 5.41232e-12
2.53151 0.916667 3.69807e-11
2.76164 1 1.88401e-10
2.99178 1.08333 7.2519e-10
3.22192 1.16667 1.73845e-09
3.45205 1.25 2.41083e-09
3.68219 1.33333 2.5341e-09
3.91233 1.41667 2.55691e-09
4.14247 1.5 2.55837e-09
4.3726 1.58333 2.55917e-09
4.60274 1.66667 2.54666e-09
4.83288 1.75 2.55574e-09
5.06301 1.83333 2.56425e-09
5.29315 1.91667 2.55876e-09
5.52329 2 2.55596e-09
5.75342 2.08333 2.5422e-09
5.98356 2.16667 2.56168e-09
6.2137 2.25 2.55449e-09
6.44384 2.33333 2.55911e-09
6.67397 2.41667 2.55447e-09
6.90411 2.5 2.54838e-09
7.13425 2.58333 2.55371e-09
7.36438 2.66667 2.56013e-09
7.59452 2.75 2.54022e-09
7.82466 2.83333 2.55372e-09
8.05479 2.91667 2.55459e-09
8.28493 3 2.56196e-09
8.51507 3.08333 2.55172e-09
8.74521 3.16667 2.54678e-09
8.97534 3.25 2.55991e-09
9.20548 3.33333 2.55599e-09
9.43562 3.41667 2.56846e-09
9.66575 3.5 2.56118e-09
9.89589 3.58333 2.54607e-09
10.126 3.66667 2.55995e-09
10.3562 3.75 2.57747e-09
10.5863 3.83333 2.55426e-09
10.8164 3.91667 2.55544e-09
11.0466 4 2.53531e-09
11.2767 4.08333 2.52771e-09
11.5068 4.16667 2.55797e-09
11.737 4.25 3.171e-09
11.9671 4.33333 6.29598e-09
12.1973 4.41667 1.10359e-08
12.4274 4.5 1.81735e-08
12.6575 4.58333 2.8838e-08
12.8877 4.66667 4.46462e-08
13.1178 4.75 6.78942e-08
13.3479 4.83333 1.01812e-07
13.5781 4.91667 1.50906e-07
13.8082 5 2.21429e-07
14.0384 5.08333 3.21993e-07
14.2685 5.16667 4.64368e-07
14.4986 5.25 6.64508e-07
14.7288 5.33333 9.43909e-07
14.9589 5.41667 1.3314e-06
15.189 5.5 1.86538e-06
15.4192 5.58333 2.59661e-06
15.6493 5.66667 3.59174e-06
15.8795 5.75 4.93795e-06
16.1096 5.83333 6.74874e-06
16.3397 5.91667 9.17091e-06
16.5699 6 1.2393e-05
16.8 6.08333 1.66558e-05
17.0301 6.16667 2.22664e-05
17.2603 6.25 2.96144e-05
17.4904 6.33333 3.91904e-05
17.7205 6.41667 5.1609e-05
17.9507 6.5 6.76374e-05
18.1808 6.58333 8.82316e-05
18.411 6.66667 0.000114577
18.6411 6.75 0.000148131
18.8712 6.83333 0.000190682
19.1014 6.91667 0.000244418
19.3315 7 0.000312009
19.5616 7.08333 0.000396699
19.7918 7.16667 0.000502397
20.0219 7.25 0.000633809
20.2521 7.33333 0.000796591
20.4822 7.41667 0.000997529
20.7123 7.5 0.0012447
20.9425 7.58333 0.00154769
21.1726 7.66667 0.00191782
21.4027 7.75 0.00236851
21.6329 7.83333 0.0029156
21.863 7.91667 0.00357759
22.0932 8 0.0043761
22.3233 8.08333 0.00533633
22.5534 8.16667 0.00648771
22.7836 8.25 0.00786434
23.0137 8.33333 0.00950547
23.2438 8.41667 0.0114562
23.474 8.5 0.0137684
23.7041 8.58333 0.0165017
23.9342 8.66667 0.0197239
24.1644 8.75 0.0235116
24.3945 8.83333 0.0279512
24.6247 8.91667 0.0331405
24.8548 9 0.0391896
25.0849 9.08333 0.0462202
25.3151 9.16667 0.0543665
25.5452 9.25 0.0637764
25.7753 9.33333 0.0746124
26.0055 9.41667 0.0870503
26.2356 9.5 0.101277
26.4658 9.58333 0.11749
26.6959 9.66667 0.135896
26.926 9.75 0.156709
27.1562 9.83333 0.180144
27.3863 9.91667 0.206411
27.6164 10 0.235706
27.8466 10.0833 0.268214
28.0767 10.1667 0.304094
28.3068 10.25 0.343467
28.537 10.3333 0.386406
28.7671 10.4167 0.432933
28.9973 10.5 0.483013
29.2274 10.5833 0.536544
29.4575 10.6667 0.593345
29.6877 10.75 0.65316
29.9178 10.8333 0.715666
30.1479 10.9167 0.78048
30.3781 11 0.847158
30.6082 11.0833 0.915205
30.8384 11.1667 0.984095
31.0685 11.25 1.05329
31.2986 11.3333 1.12226
31.5288 11.4167 1.19049
31.7589 11.5 1.25747
31.989 11.5833 1.32275
32.2192 11.6667 1.38594
32.4493 11.75 1.44669
32.6795 11.8333 1.50474
32.9096 11.9167 1.55984
33.1397 12 1.61185
33.3699 12.0833 1.66067
33.6 12.1667 1.70626
33.8301 12.25 1.74861
34.0603 12.3333 1.78777
34.2904 12.4167 1.82381
34.5205 12.5 1.85685
34.7507 12.5833 1.88702
34.9808 12.6667 1.91445
35.211 12.75 1.93931
35.4411 12.8333 1.96176
35.6712 12.9167 1.98197
35.9014 13 2.00011
36.1315 13.0833 2.01633
36.3616 13.1667 2.03081
36.5918 13.25 2.04368
36.8219 13.3333 2.0551
37.0521 13.4167 2.0652
37.2822 13.5 2.07411
37.5123 13.5833 2.08196
37.7425 13.6667 2.08884
37.9726 13.75 2.09487
38.2027 13.8333 2.10013
38.4329 13.9167 2.10471
38.663 14 2.10868
38.8932 14.0833 2.11212
39.1233 14.1667 2.1151
39.3534 14.25 2.11765
39.5836 14.3333 2.11984
39.8137 14.4167 2.12172
40.0438 14.5 2.12331
40.274 14.5833 2.12466
40.5041 14.6667 2.12581
40.7342 14.75 2.12676
40.9644 14.8333 2.12757
41.1945 14.9167 2.12823
41.4247 15 2.12878
41.6548 15.0833 2.12922
41.8849 15.1667 2.12958
42.1151 15.25 2.12987
42.3452 15.3333 2.13009
42.5753 15.4167 2.13026
42.8055 15.5 2.13039
43.0356 15.5833 2.13047
43.2658 15.6667 2.13052
43.4959 15.75 2.13055
43.726 15.8333 2.13054
43.9562 15.9167 2.13052
44.1863 16 2.13047
44.4164 16.0833 2.13041
44.6466 16.1667 2.13032
44.8767 16.25 2.13022
45.1068 16.3333 2.1301
45.337 16.4167 2.12996
45.5671 16.5 2.1298
45.7973 16.5833 2.12961
46.0274 16.6667 2.1294
46.2575 16.75 2.12915
46.4877 16.8333 2.12887
46.7178 16.9167 2.12854
46.9479 17 2.12816
47.1781 17.0833 2.12772
47.4082 17.1667 2.1272
47.6384 17.25 2.1266
47.8685 17.3333 2.12591
48.0986 17.4167 2.12509
48.3288 17.5 2.12414
48.5589 17.5833 2.12303
48.789 17.6667 2.12173
49.0192 17.75 2.12022
49.2493 17.8333 2.11845
49.4795 17.9167 2.11638
49.7096 18 2.11396
49.9397 18.0833 2.11115
50.1699 18.1667 2.10789
50.4 18.25 2.10409
50.6301 18.3333 2.09969
50.8603 18.4167 2.09462
51.0904 18.5 2.08877
51.3205 18.5833 2.08206
51.5507 18.6667 2.07439
51.7808 18.75 2.06567
52.011 18.8333 2.05579
52.2411 18.9167 2.04468
52.4712 19 2.03225
52.7014 19.0833 2.01844
52.9315 19.1667 2.00322
53.1616 19.25 1.98658
53.3918 19.3333 1.96853
53.6219 19.4167 1.94913
53.8521 19.5 1.92849
54.0822 19.5833 1.90671
54.3123 19.6667 1.88399
54.5425 19.75 1.86049
54.7726 19.8333 1.83645
55.0027 19.9167 1.81209
55.2329 20 1.78765
55.463 20.0833 1.76336
55.6932 20.1667 1.73943
55.9233 20.25 1.71607
56.1534 20.3333 1.69345
56.3836 20.4167 1.67171
56.6137 20.5 1.65096
56.8438 20.5833 1.6313
57.074 20.6667 1.61278
57.3041 20.75 1.59544
57.5342 20.8333 1.57926
57.7644 20.9167 1.56426
57.9945 21 1.55039
58.2247 21.0833 1.53762
58.4548 21.1667 1.52591
58.6849 21.25 1.51518
58.9151 21.3333 1.50539
59.1452 21.4167 1.49648
59.3753 21.5 1.48837
59.6055 21.5833 1.48101
59.8356 21.6667 1.47435
60.0658 21.75 1.46832
60.2959 21.8333 1.46286
60.526 21.9167 1.45794
60.7562 22 1.4535
60.9863 22.0833 1.44949
61.2164 22.1667 1.44589
61.4466 22.25 1.44264
61.6767 22.3333 1.43972
61.9068 22.4167 1.43709
62.137 22.5 1.43472
62.3671 22.5833 1.4326
62.5973 22.6667 1.43069
62.8274 22.75 1.42897
63.0575 22.8333 1.42743
63.2877 22.9167 1.42605
63.5178 23 1.42481
63.7479 23.0833 1.4237
63.9781 23.1667 1.4227
64.2082 23.25 1.4218
64.4384 23.3333 1.421
64.6685 23.4167 1.42027
64.8986 23.5 1.41963
65.1288 23.5833 1.41905
65.3589 23.6667 1.41853
65.589 23.75 1.41806
65.8192 23.8333 1.41764
66.0493 23.9167 1.41727
66.2795 24 1.41693
66.5096 24.0833 1.41663
66.7397 24.1667 1.41636
66.9699 24.25 1.41612
67.2 24.3333 1.4159
67.4301 24.4167 1.41571
67.6603 24.5 1.41553
67.8904 24.5833 1.41538
68.1205 24.6667 1.41524
68.3507 24.75 1.41511
68.5808 24.8333 1.415
68.811 24.9167 1.4149
69.0411 25 1.41481
69.2712 25.0833 1.41473
69.5014 25.1667 1.41466
69.7315 25.25 1.41459
69.9616 25.3333 1.41454
70.1918 25.4167 1.41449
70.4219 25.5 1.41444
70.6521 25.5833 1.4144
70.8822 25.6667 1.41436
71.1123 25.75 1.41433
71.3425 25.8333 1.4143
71.5726 25.9167 1.41427
71.8027 26 1.41424
72.0329 26.0833 1.41423
72.263 26.1667 1.41421
72.4932 26.25 1.41419
72.7233 26.3333 1.41417
72.9534 26.4167 1.41416
73.1836 26.5 1.41415
73.4137 26.5833 1.41414
73.6438 26.6667 1.41413
73.874 26.75 1.41411
74.1041 26.8333 1.41411
74.3342 26.9167 1.41411
74.5644 27 1.41411
74.7945 27.0833 1.41409
75.0247 27.1667 1.41408
75.2548 27.25 1.41408
75.4849 27.3333 1.41409
75.7151 27.4167 1.41408
75.9452 27.5 1.41406
76.1753 27.5833 1.41406
76.4055 27.6667 1.41407
76.6356 27.75 1.41408
76.8658 27.8333 1.41406
77.0959 27.9167 1.41405
77.326 28 1.41405
77.5562 28.0833 1.41407
77.7863 28.1667 1.41407
78.0164 28.25 1.41404
78.2466 28.3333 1.41403
78.4767 28.4167 1.41406
78.7068 28.5 1.41408
78.937 28.5833 1.41406
79.1671 28.6667 1.41403
79.3973 28.75 1.41403
79.6274 28.8333 1.41407
79.8575 28.9167 1.41408
80.0877 29 1.41404
80.3178 29.0833 1.41401
80.5479 29.1667 1.41404
80.7781 29.25 1.41409
81.0082 29.3333 1.41407
81.2384 29.4167 1.41401
81.4685 29.5 1.414
81.6986 29.5833 1.41407
81.9288 29.6667 1.41411
82.1589 29.75 1.41405
82.389 29.8333 1.41397
82.6192 29.9167 1.41401
82.8493 30 1.41411
83.0795 30.0833 1.41412
83.3096 30.1667 1.414
83.5397 30.25 1.41394
83.7699 30.3333 1.41405
84 30.4167 1.41417
84.2301 30.5 1.41409
84.4603 30.5833 1.41392
84.6904 30.6667 1.41394
84.9205 30.75 1.41414
85.1507 30.8333 1.41421
85.3808 30.9167 1.414
85.611 31 1.41384
85.8411 31.0833 1.414
86.0712 31.1667 1.41426
86.3014 31.25 1.41419
86.5315 31.3333 1.41385
86.7616 31.4167 1.41379
86.9918 31.5 1.41414
87.2219 31.5833 1.41438
87.4521 31.6667 1.41406
87.6822 31.75 1.41364
87.9123 31.8333 1.41382
88.1425 31.9167 1.41437
88.3726 32 1.41439
88.6027 32.0833 1.41371
88.8329 32.1667 1.41333
89.063 32.25 1.41384
89.2932 32.3333 1.41432
89.5233 32.4167 1.41365
89.7534 32.5 1.41228
89.9836 32.5833 1.41166
90.2137 32.6667 1.41161
90.4438 32.75 1.41005
90.674 32.8333 1.4056
90.9041 32.9167 1.39913
91.1342 33 1.39106
91.3644 33.0833 1.37787
91.5945 33.1667 1.3539
91.8247 33.25 1.3175
92.0548 33.3333 1.27505
92.2849 33.4167 1.23564
92.5151 33.5 1.2039
92.7452 33.5833 1.17984
92.9753 33.6667 1.16165
93.2055 33.75 1.14748
93.4356 33.8333 1.13592
93.6658 33.9167 1.12609
93.8959 34 1.11743
94.126 34.0833 1.10961
94.3562 34.1667 1.10245
94.5863 34.25 1.09582
94.8164 34.3333 1.08966
95.0466 34.4167 1.08391
95.2767 34.5 1.07855
95.5068 34.5833 1.07353
95.737 34.6667 1.06884
95.9671 34.75 1.06446
96.1973 34.8333 1.06036
96.4274 34.9167 1.05653
96.6575 35 1.05294
96.8877 35.0833 1.04959
97.1178 35.1667 1.04645
97.3479 35.25 1.04352
97.5781 35.3333 1.04077
97.8082 35.4167 1.03821
98.0384 35.5 1.0358
98.2685 35.5833 1.03355
98.4986 35.6667 1.03145
98.7288 35.75 1.02948
98.9589 35.8333 1.02763
99.189 35.9167 1.02591
99.4192 36 1.02429
99.6493 36.0833 1.02277
99.8795 36.1667 1.02135
100.11 36.25 1.02002
100.34 36.3333 1.01878
100.57 36.4167 1.01761
100.8 36.5 1.01652
101.03 36.5833 1.01549
101.26 36.6667 1.01453
101.49 36.75 1.01363
101.721 36.8333 1.01278
101.951 36.9167 1.01199
102.181 37 1.01125
102.411 37.0833 1.01055
102.641 37.1667 1.0099
102.871 37.25 1.00929
103.101 37.3333 1.00872
103.332 37.4167 1.00818
103.562 37.5 1.00767
103.792 37.5833 1.0072
104.022 37.6667 1.00675
104.252 37.75 1.00634
104.482 37.8333 1.00595
104.712 37.9167 1.00558
104.942 38 1.00524
105.173 38.0833 1.00491
105.403 38.1667 1.00461
105.633 38.25 1.00433
105.863 38.3333 1.00406
106.093 38.4167 1.00381
106.323 38.5 1.00358
106.553 38.5833 1.00336
106.784 38.6667 1.00315
107.014 38.75 1.00296
107.244 38.8333 1.00277
107.474 38.9167 1.0026
107.704 39 1.00244
107.934 39.0833 1.00229
108.164 39.1667 1.00215
108.395 39.25 1.00202
108.625 39.3333 1.00189
108.855 39.4167 1.00178
109.085 39.5 1.00167
109.315 39.5833 1.00157
109.545 39.6667 1.00147
109.775 39.75 1.00138
110.005 39.8333 1.00129
110.236 39.9167 1.00122
110.466 40 1.00114
110.696 40.0833 1.00107
110.926 40.1667 1.001
111.156 40.25 1.00094
111.386 40.3333 1.00089
111.616 40.4167 1.00083
111.847 40.5 1.00078
112.077 40.5833 1.00073
112.307 40.6667 1.00069
112.537 40.75 1.00064
112.767 40.8333 1.0006
112.997 40.9167 1.00057
113.227 41 1.00053
113.458 41.0833 1.0005
113.688 41.1667 1.00047
113.918 41.25 1.00044
114.148 41.3333 1.00041
114.378 41.4167 1.00039
114.608 41.5 1.00036
114.838 41.5833 1.00034
115.068 41.6667 1.00032
115.299 41.75 1.0003
115.529 41.8333 1.00028
115.759 41.9167 1.00027
115.989 42 1.00025
116.219 42.0833 1.00023
116.449 42.1667 1.00022
116.679 42.25 1.00021
116.91 42.3333 1.00019
117.14 42.4167 1.00018
117.37 42.5 1.00017
117.6 42.5833 1.00016
117.83 42.6667 1.00015
118.06 42.75 1.00014
118.29 42.8333 1.00013
118.521 42.9167 1.00012
118.751 43 1.00012
